0.0 100.0
0.1 99.13734242890709
0.2 98.28212663866383
0.30000000000000004 97.43428843218427
0.4 96.59376416618353
0.5 95.76049074640032
0.6 94.93440562286078
0.7 94.11544678518312
0.7999999999999999 93.30355275792283
0.8999999999999999 92.49866259595795
0.9999999999999999 91.70071587991424
1.0999999999999999 90.90965271162976
1.2 90.12541370965862
1.3 89.34794000481344
1.4000000000000001 88.57717323574637
1.5000000000000002 87.81305554456813
1.6000000000000003 87.0555295725049
1.7000000000000004 86.30453845559266
1.8000000000000005 85.56002582040871
1.9000000000000006 84.8219357798399
2.0000000000000004 84.09021292888755
2.1000000000000005 83.36480234050836
2.2000000000000006 82.64564956149133
2.3000000000000007 81.93270060837021
2.400000000000001 81.22590196337123
2.500000000000001 80.52520057039571
2.600000000000001 79.83054383103745
2.700000000000001 79.14187960063435
2.800000000000001 78.45915618435426
2.9000000000000012 77.78232233331431
3.0000000000000013 77.11132724073408
3.1000000000000014 76.44612053812166
3.2000000000000015 75.78665229149274
3.3000000000000016 75.13287299762233
3.4000000000000017 74.48473358032872
3.5000000000000018 73.84218538678964
3.600000000000002 73.20518018389004
3.700000000000002 72.5736701546015
3.800000000000002 71.94760789439285
3.900000000000002 71.32694640767163
4.000000000000002 70.71163910425646
4.100000000000001 70.1016397958797
4.200000000000001 69.49690269272027
4.300000000000001 68.89738239996645
4.4 68.3030339144083
4.5 67.7138126210595
4.6 67.12967428980826
4.699999999999999 66.55057507209723
4.799999999999999 65.97647149763192
4.899999999999999 65.40732047111764
4.999999999999998 64.84307926902454
5.099999999999998 64.28370553638052
5.1999999999999975 63.72915728359187
5.299999999999997 63.17939288329126
5.399999999999997 62.63437106721301
5.4999999999999964 62.094050923095274
5.599999999999996 61.558391891608906
5.699999999999996 61.0273537633129
5.799999999999995 60.500896675636035
5.899999999999995 59.978981109884565
5.999999999999995 59.46156788827576
6.099999999999994 58.948618170997
6.199999999999994 58.440093453290245
6.299999999999994 57.93595556256167
6.399999999999993 57.43616665551621
6.499999999999993 56.94068921531686
6.5999999999999925 56.44948604876845
6.699999999999992 55.96252028352571
6.799999999999992 55.479755365325474
6.8999999999999915 55.00115505524267
6.999999999999991 54.526683426970074
7.099999999999991 54.05630486412146
7.19999999999999 53.58998405755805
7.29999999999999 53.127686002738045
7.39999999999999 52.66937599708896
7.499999999999989 52.21501963740268
7.599999999999989 51.76458281725298
7.699999999999989 51.318031724435286
7.799999999999988 50.875332838428584
7.899999999999988 50.43645292787917
7.999999999999988 50.00135904810611
8.099999999999987 49.570018538628275
8.199999999999987 49.142399020712645
8.299999999999986 48.718468394943784
8.399999999999986 48.2981948388143
8.499999999999986 47.88154680433606
8.599999999999985 47.46849301567206
8.699999999999985 47.059002466788655
8.799999999999985 46.65304441912811
8.899999999999984 46.250588399301165
8.999999999999984 45.85160419679958
9.099999999999984 45.45606186172834
9.199999999999983 45.06393170255746
9.299999999999983 44.675184283893216
9.399999999999983 44.2897904242685
9.499999999999982 43.90772119395237
9.599999999999982 43.52894791277838
9.699999999999982 43.15344214799171
9.799999999999981 42.781175712114866
9.89999999999998 42.41212066083175
9.99999999999998 42.046249290890024
10.09999999999998 41.683534138021564
10.19999999999998 41.323947974880824
10.29999999999998 40.96746380900102
10.399999999999979 40.614054880767924
10.499999999999979 40.26369466141115
10.599999999999978 39.91635685101276
10.699999999999978 39.57201537653304
10.799999999999978 39.230644389853325
10.899999999999977 38.89221826583572
10.999999999999977 38.55671160039952
11.099999999999977 38.22409920861421
11.199999999999976 37.894356122809036
11.299999999999976 37.567457590698716
11.399999999999975 37.24337907352544
11.499999999999975 36.92209624421684
11.599999999999975 36.60358498555989
11.699999999999974 36.28782138839053
11.799999999999974 35.974781749798915
11.899999999999974 35.66444257135013
11.999999999999973 35.3567805573203
12.099999999999973 35.05177261294787
12.199999999999973 34.74939584270001
12.299999999999972 34.44962754855391
12.399999999999972 34.152445228293004
12.499999999999972 33.857826573817775
12.599999999999971 33.56574946947123
12.69999999999997 33.276191990378756
12.79999999999997 32.98913240080234
12.89999999999997 32.70454915250895
12.99999999999997 32.42242088315304
13.09999999999997 32.142726414672914
13.199999999999969 31.86544475170106
13.299999999999969 31.590555079988082
13.399999999999968 31.31803676484029
13.499999999999968 31.047869349570735
13.599999999999968 30.78003255396363
13.699999999999967 30.514506272752
13.799999999999967 30.25127057410849
13.899999999999967 29.990305698149143
13.999999999999966 29.731592055450154
14.099999999999966 29.475110225577357
14.199999999999966 29.220840955628436
14.299999999999965 28.96876515878769
14.399999999999965 28.718863912893283
14.499999999999964 28.471118459016843
14.599999999999964 28.225510200055304
14.699999999999964 27.982020699334928
14.799999999999963 27.74063167922733
14.899999999999963 27.50132501977748
14.999999999999963 27.264082757343502
15.099999999999962 27.028887083248243
15.199999999999962 26.79572034244245
15.299999999999962 26.564565032179488
15.399999999999961 26.335403800701492
15.499999999999961 26.108219445936854
15.59999999999996 25.88299491420893
15.69999999999996 25.659713298955914
15.79999999999996 25.438357839461737
15.89999999999996 25.218911919597915
15.99999999999996 25.001359066576253
16.09999999999996 24.78568294971231
16.19999999999996 24.571867379199535
16.29999999999996 24.35989630489396
16.399999999999963 24.149753815109413
16.499999999999964 23.941424135423073
16.599999999999966 23.734891627491383
16.699999999999967 23.53014078787613
16.79999999999997 23.327156246880698
16.89999999999997 23.12592276739631
16.99999999999997 22.92642524375827
17.099999999999973 22.728648700612034
17.199999999999974 22.532578291789093
17.299999999999976 22.33819929919254
17.399999999999977 22.14549713169223
17.49999999999998 21.954457324029526
17.59999999999998 21.765065535731424
17.69999999999998 21.577307550034103
17.799999999999983 21.391169272815734
17.899999999999984 21.20663673153849
17.999999999999986 21.023696074199705
18.099999999999987 20.84233356829206
18.19999999999999 20.66253559977275
18.29999999999999 20.484288672041544
18.39999999999999 20.30757940492765
18.499999999999993 20.13239453368534
18.599999999999994 19.95872090799821
18.699999999999996 19.78654549099206
18.799999999999997 19.615855358256276
18.9 19.446637696873644
19.0 19.27887980445856
19.1 19.112569088203497
19.200000000000003 18.947693063933748
19.300000000000004 18.78423935517028
19.400000000000006 18.622195692200687
19.500000000000007 18.46154991115818
19.60000000000001 18.302289953108478
19.70000000000001 18.14440386314461
19.80000000000001 17.98787978948952
19.900000000000013 17.832705982606395
20.000000000000014 17.678870794316705
20.100000000000016 17.5263626769258
20.200000000000017 17.375170182356097
20.30000000000002 17.225281961287724
20.40000000000002 17.076686762306576
20.50000000000002 16.92937343105972
20.600000000000023 16.78333090941809
20.700000000000024 16.638548234646418
20.800000000000026 16.495014538580296
20.900000000000027 16.352719046810357
21.00000000000003 16.211651077873494
21.10000000000003 16.071800042451056
21.20000000000003 15.93315544257394
21.300000000000033 15.795706870834573
21.400000000000034 15.659444009605677
21.500000000000036 15.524356630265759
21.600000000000037 15.390434592431308
21.70000000000004 15.257667843195598
21.80000000000004 15.126046416374065
21.90000000000004 14.995560431756187
22.000000000000043 14.866200094363831
22.100000000000044 14.737955693715982
22.200000000000045 14.610817603099823
22.300000000000047 14.484776278848107
22.40000000000005 14.359822259622755
22.50000000000005 14.235946165704634
22.60000000000005 14.113138698289474
22.700000000000053 13.991390638789836
22.800000000000054 13.87069284814313
22.900000000000055 13.751036266125583
23.000000000000057 13.63241191067212
23.10000000000006 13.514810877202136
23.20000000000006 13.398224337951063
23.30000000000006 13.282643541307717
23.400000000000063 13.168059811157343
23.500000000000064 13.054464546230353
23.600000000000065 12.941849219456657
23.700000000000067 12.830205377325585
23.800000000000068 12.719524639251317
23.90000000000007 12.609798696943788
24.00000000000007 12.501019313785028
24.100000000000072 12.393178324210874
24.200000000000074 12.286267633098024
24.300000000000075 12.180279215156368
24.400000000000077 12.075205114326566
24.500000000000078 11.97103744318283
24.60000000000008 11.867768382340847
24.70000000000008 11.765390179870813
24.800000000000082 11.663895150715536
24.900000000000084 11.56327567611355
25.000000000000085 11.463524203027212
25.100000000000087 11.36463324357573
25.200000000000088 11.266595374473082
25.30000000000009 11.169403236470787
25.40000000000009 11.073049533805476
25.500000000000092 10.977527033651235
25.600000000000094 10.882828565576672
25.700000000000095 10.788947021006663
25.800000000000097 10.695875352688747
25.900000000000098 10.603606574164118
26.0000000000001 10.512133759243186
26.1000000000001 10.421450041485661
26.200000000000102 10.33154861368512
26.300000000000104 10.242422727358022
26.400000000000105 10.154065692237127
26.500000000000107 10.066470875769296
26.600000000000108 9.97963170261761
26.70000000000011 9.893541654167791
26.80000000000011 9.808194268038882
26.900000000000112 9.723583137598144
27.000000000000114 9.63970191148014
27.100000000000115 9.556544293109969
27.200000000000117 9.474104040230609
27.300000000000118 9.39237496443434
27.40000000000012 9.311350930698213
27.50000000000012 9.231025856923514
27.600000000000122 9.15139371347922
27.700000000000124 9.07244852274937
27.800000000000125 8.994184358684366
27.900000000000126 8.916595346356122
28.000000000000128 8.839675661517063
28.10000000000013 8.76341953016293
28.20000000000013 8.687821228099345
28.300000000000132 8.61287508051213
28.400000000000134 8.538575461541317
28.500000000000135 8.46491679385885
28.600000000000136 8.39189354824991
28.700000000000138 8.319500243197876
28.80000000000014 8.247731444472837
28.90000000000014 8.176581764723682
29.000000000000142 8.10604586307369
29.100000000000144 8.036118444719623
29.200000000000145 7.966794260534256
29.300000000000146 7.898068106672362
29.400000000000148 7.829934824180079
29.50000000000015 7.7623892986076495
29.60000000000015 7.695426459625505
29.700000000000152 7.629041280643659
29.800000000000153 7.563228778434384
29.900000000000155 7.497984012758143
30.000000000000156 7.433302085992749
30.100000000000158 7.369178142765726
30.20000000000016 7.3056073695898345
30.30000000000016 7.242584994501747
30.400000000000162 7.180106286703839
30.500000000000163 7.11816655620907
30.600000000000165 7.05676115348893
30.700000000000166 6.995885469124414
30.800000000000168 6.9355349334600245
30.90000000000017 6.8757050162607385
31.00000000000017 6.816391226371951
31.100000000000172 6.757589111382341
31.200000000000173 6.699294257289652
31.300000000000175 6.641502288169351
31.400000000000176 6.584208865846149
31.500000000000178 6.527409689568357
31.60000000000018 6.471100495685043
31.70000000000018 6.415277057325985
31.800000000000182 6.359935184084376
31.900000000000183 6.305070721702271
32.000000000000185 6.250679551758744
32.100000000000186 6.196757591360742
32.20000000000019 6.143300792836594
32.30000000000019 6.090305143432178
32.40000000000019 6.037766665009699
32.50000000000019 5.985681413749069
32.60000000000019 5.9340454798518625
32.700000000000195 5.882854987247824
32.800000000000196 5.832106093303914
32.9000000000002 5.781794988535857
33.0000000000002 5.731917896322183
33.1000000000002 5.68247107262073
33.2000000000002 5.633450805687604
33.3000000000002 5.584853415798546
33.400000000000205 5.536675254972719
33.500000000000206 5.488912706698869
33.60000000000021 5.441562185663851
33.70000000000021 5.394620137483493
33.80000000000021 5.348083038435789
33.90000000000021 5.301947395196387
34.00000000000021 5.2562097445763625
34.100000000000215 5.210866653262252
34.200000000000216 5.165914717558329
34.30000000000022 5.121350563131109
34.40000000000022 5.07717084475605
34.50000000000022 5.03337224606644
34.60000000000022 4.989951479304459
34.70000000000022 4.946905285074377
34.800000000000225 4.904230432097887
34.900000000000226 4.861923716971552
35.00000000000023 4.8199819639263355
35.10000000000023 4.778402024589212
35.20000000000023 4.737180777746837
35.30000000000023 4.696315129111246
35.40000000000023 4.655802011087586
35.500000000000234 4.615638382543843
35.600000000000236 4.575821228582559
35.70000000000024 4.536347560314515
35.80000000000024 4.4972144146343735
35.90000000000024 4.458418853998249
36.00000000000024 4.419957966203199
36.10000000000024 4.381828864168623
36.200000000000244 4.344028685719539
36.300000000000246 4.3065545933717315
36.40000000000025 4.269403774118761
36.50000000000025 4.232573439220799
36.60000000000025 4.1960608239952935
36.70000000000025 4.159863187609434
36.80000000000025 4.123977812874415
36.900000000000254 4.088402006041462
37.000000000000256 4.053133096599631
37.10000000000026 4.018168437075342
37.20000000000026 3.9835054028336465
37.30000000000026 3.949141391881207
37.40000000000026 3.91507382467098
37.50000000000026 3.8813001439085792
37.600000000000264 3.847817814360312
37.700000000000266 3.8146243226628713
37.80000000000027 3.7817171771346687
37.90000000000027 3.7490939075887955
38.00000000000027 3.716752065147598
38.10000000000027 3.6846892220588505
38.20000000000027 3.6529029715135155
38.300000000000274 3.6213909274650766
38.400000000000276 3.5901507244504276
38.50000000000028 3.5591800174123094
38.60000000000028 3.5284764815232763
38.70000000000028 3.4980378120111832
38.80000000000028 3.467861723986176
38.90000000000028 3.4379459522691764
39.000000000000284 3.4082882512218444
39.100000000000286 3.3788863945780094
39.20000000000029 3.349738175276554
39.30000000000029 3.3208414052957416
39.40000000000029 3.2921939154889697
39.50000000000029 3.263793555421944
39.60000000000029 3.2356381932112543
39.700000000000294 3.2077257153643437
39.800000000000296 3.180054026620859
39.9000000000003 3.1526210497953695
40.0000000000003 3.125424725621441
40.1000000000003 3.098463012597058
40.2000000000003 3.071733886831376
40.3000000000003 3.045235341892799
40.400000000000304 3.018965388658364
40.500000000000306 2.992922055164428
40.60000000000031 2.967103386458643
40.70000000000031 2.9415074444532037
40.80000000000031 2.9161323077793666
40.90000000000031 2.890976071643222
41.00000000000031 2.8660368476827074
41.100000000000314 2.84131276382586
41.200000000000315 2.8168019641502875
41.30000000000032 2.7925026087438516
41.40000000000032 2.768412873566556
41.50000000000032 2.7445309503136235
41.60000000000032 2.720855046279755
41.70000000000032 2.697383384224559
41.800000000000324 2.674114202239144
41.900000000000325 2.6510457536138574
42.00000000000033 2.6281763067071706
42.10000000000033 2.6055041448156913
42.20000000000033 2.583027566045299
42.30000000000033 2.5607448831833923
42.40000000000033 2.5386544235722366
42.500000000000334 2.5167545289834057
42.600000000000335 2.495043555493307
42.70000000000034 2.4735198733597783
42.80000000000034 2.4521818668997524
42.90000000000034 2.4310279343679744
43.00000000000034 2.4100564878367656
43.10000000000034 2.389265953076826
43.200000000000344 2.3686547694390634
43.300000000000345 2.348221389737444
43.40000000000035 2.3279642801328513
43.50000000000035 2.307881920017947
43.60000000000035 2.287972801903028
43.70000000000035 2.2682354313028648
43.80000000000035 2.248668326624519
43.900000000000354 2.2292700190561243
44.000000000000355 2.2100390524566325
44.10000000000036 2.1909739832465056
44.20000000000036 2.172073380299354
44.30000000000036 2.153335824834508
44.40000000000036 2.1347599103105175
44.50000000000036 2.1163442423195677
44.600000000000364 2.098087438482809
44.700000000000365 2.079988128346588
44.80000000000037 2.062044953279573
44.90000000000037 2.0442565663707675
45.00000000000037 2.026621632328406
45.10000000000037 2.0091388273797186
45.20000000000037 1.9918068391715602
45.300000000000374 1.9746243666719006
45.400000000000375 1.9575901200721602
45.50000000000038 1.940702820690391
45.60000000000038 1.9239612008752918
45.70000000000038 1.907364003911051
45.80000000000038 1.8909099839230117
45.90000000000038 1.8745979057841482
46.000000000000384 1.8584265450223523
46.100000000000385 1.8423946877285167
46.20000000000039 1.826501130465413
46.30000000000039 1.8107446801773557
46.40000000000039 1.7951241541006437
46.50000000000039 1.779638379674777
46.60000000000039 1.7642861944544375
46.700000000000394 1.7490664460222294
46.800000000000395 1.733977991902173
46.9000000000004 1.7190196994739442
47.0000000000004 1.7041904458878536
47.1000000000004 1.6894891179805602
47.2000000000004 1.6749146121915102
47.3000000000004 1.6604658344800987
47.400000000000404 1.646141700243545
47.500000000000405 1.6319411342354766
47.600000000000406 1.6178630704852148
47.70000000000041 1.603906452217758
47.80000000000041 1.590070231774454
47.90000000000041 1.576353370534357
48.00000000000041 1.5627548388362642
48.10000000000041 1.5492736159014224
48.200000000000415 1.535908689756904
48.300000000000416 1.5226590571596423
48.40000000000042 1.5095237235211227
48.50000000000042 1.4965017028327243
48.60000000000042 1.4835920175917037
48.70000000000042 1.470793698727819
48.80000000000042 1.4581057855305861
48.900000000000425 1.4455273255771628
49.000000000000426 1.4330573746608546
49.10000000000043 1.4206949967202376
49.20000000000043 1.4084392637688923
49.30000000000043 1.3962892558257447
49.40000000000043 1.3842440608460072
49.50000000000043 1.3723027746527152
49.600000000000435 1.3604645008688556
49.700000000000436 1.3487283508500791
49.80000000000044 1.3370934436179944
49.90000000000044 1.325558905794037
50.00000000000044 1.3141238715339083
50.10000000000044 1.3027874824625818
50.20000000000044 1.2915488876098677
50.300000000000445 1.280407243346535
50.400000000000446 1.2693617133209842
50.50000000000045 1.2584114683964662
50.60000000000045 1.2475556865888426
50.70000000000045 1.236793553004884
50.80000000000045 1.2261242597810984
50.90000000000045 1.21554700602309
51.000000000000455 1.2050609977454387
51.100000000000456 1.1946654478121
51.20000000000046 1.184359575877318
51.30000000000046 1.1741426083270485
51.40000000000046 1.1640137782208875
51.50000000000046 1.1539723252345004
51.60000000000046 1.1440174956025482
51.700000000000465 1.1341485420621054
51.800000000000466 1.1243647237965668
51.90000000000047 1.1146653063800378
52.00000000000047 1.1050495617222045
52.10000000000047 1.0955167680136788
52.20000000000047 1.0860662096718166
52.30000000000047 1.0766971772870009
52.400000000000475 1.067408967569391
52.500000000000476 1.058200883296129
52.60000000000048 1.0490722332590028
52.70000000000048 1.0400223322125606
52.80000000000048 1.031050500822672
52.90000000000048 1.022156065615534
53.00000000000048 1.013338358927116
53.100000000000485 1.0045967188530427
53.200000000000486 0.995930489198906
53.30000000000049 0.9873390194310091
53.40000000000049 0.9788216646275331
53.50000000000049 0.9703777854301261
53.60000000000049 0.9620067479959095
53.70000000000049 0.9537079239498981
53.800000000000495 0.9454806903378313
53.900000000000496 0.9373244295794105
54.0000000000005 0.9292385294219404
54.1000000000005 0.9212223828943696
54.2000000000005 0.9132753882617289
54.3000000000005 0.905396948979961
54.4000000000005 0.8975864736511412
54.500000000000504 0.8898433759790838
54.600000000000506 0.8821670747253315
54.70000000000051 0.8745569936655246
54.80000000000051 0.8670125615461465
54.90000000000051 0.8595332120416421
55.00000000000051 0.8521183837119068
55.10000000000051 0.8447675199601415
55.200000000000514 0.8374800689910716
55.300000000000516 0.8302554837695261
55.40000000000052 0.8230932219793742
55.50000000000052 0.8159927459828166
55.60000000000052 0.8089535227800269
55.70000000000052 0.8019750239691422
55.80000000000052 0.7950567257065982
55.900000000000524 0.7881981086678069
56.000000000000526 0.781398658008173
56.10000000000053 0.7746578633244471
56.20000000000053 0.7679752186164122
56.30000000000053 0.7613502222489004
56.40000000000053 0.7547823769141375
56.50000000000053 0.7482711895944127
56.600000000000534 0.7418161715250696
56.700000000000536 0.7354168381578171
56.80000000000054 0.7290727091243566
56.90000000000054 0.7227833082003232
57.00000000000054 0.7165481632695374
57.10000000000054 0.7103668062885656
57.20000000000054 0.7042387732515865
57.300000000000544 0.6981636041555599
57.400000000000546 0.6921408429656969
57.50000000000055 0.6861700375812271
57.60000000000055 0.6802507398014616
57.70000000000055 0.6743825052921487
57.80000000000055 0.66856489355212
57.90000000000055 0.6627974678802234
58.000000000000554 0.6570797953425426
58.100000000000556 0.6514114467398984
58.20000000000056 0.6457919965756308
58.30000000000056 0.6402210230236591
58.40000000000056 0.6346981078968171
58.50000000000056 0.6292228366154619
58.60000000000056 0.6237947981763531
58.700000000000564 0.6184135851218011
58.800000000000566 0.6130787935090808
58.90000000000057 0.6077900228801096
59.00000000000057 0.602546876231387
59.10000000000057 0.5973489599841931
59.20000000000057 0.5921958839550447
59.30000000000057 0.587087261326406
59.400000000000574 0.5820227086176517
59.500000000000576 0.5770018456562815
59.60000000000058 0.5720242955493818
59.70000000000058 0.5670896846553343
59.80000000000058 0.5621976425557681
59.90000000000058 0.5573478020277549
60.00000000000058 0.5525397990162426
60.100000000000584 0.5477732726067275
60.200000000000585 0.5430478649981622
60.30000000000059 0.5383632214760972
60.40000000000059 0.533718990386054
60.50000000000059 0.5291148231071281
60.60000000000059 0.5245503740258196
60.70000000000059 0.5200253005100898
60.800000000000594 0.5155392628836408
60.900000000000595 0.5110919244004185
61.0000000000006 0.5066829512193338
61.1000000000006 0.5023120123792033
61.2000000000006 0.497978779773905
61.3000000000006 0.49368292812774933
61.4000000000006 0.4894241349710622
61.500000000000604 0.48520208061597836
61.600000000000605 0.4810164481324443
61.70000000000061 0.4768669233244276
61.80000000000061 0.47275319470633165
61.90000000000061 0.4686749534796139
62.00000000000061 0.4646318935096059
62.10000000000061 0.46062371130253293
62.200000000000614 0.45665010598273253
62.300000000000615 0.4527107792700687
62.40000000000062 0.44880543545754176
62.50000000000062 0.4449337813890908
62.60000000000062 0.4410955264375878
62.70000000000062 0.4372903824830219
62.80000000000062 0.43351806389087094
62.900000000000624 0.429778287490661
63.000000000000625 0.4260707725547094
63.10000000000063 0.42239524077705215
63.20000000000063 0.4187514162525528
63.30000000000063 0.4151390254561914
63.40000000000063 0.4115577972225323
63.50000000000063 0.4080074627253689
63.600000000000634 0.40448775545754445
63.700000000000635 0.4009984112109462
63.80000000000064 0.3975391680566727
63.90000000000064 0.3941097663253721
64.00000000000064 0.3907099485877497
64.10000000000063 0.3873394596352443
64.20000000000063 0.38399804646087055
64.30000000000062 0.380685458240227
64.40000000000062 0.3774014463126679
64.50000000000061 0.37414576416263756
64.6000000000006 0.3709181674011652
64.7000000000006 0.36771841374751996
64.8000000000006 0.3645462630110242
64.90000000000059 0.3614014770730234
65.00000000000058 0.35828381986901137
65.10000000000058 0.35519305737091045
65.20000000000057 0.3521289575695039
65.30000000000057 0.3490912904570201
65.40000000000056 0.3460798280098667
65.50000000000055 0.3430943441715143
65.60000000000055 0.3401346148355272
65.70000000000054 0.33720041782874083
65.80000000000054 0.3342915328945843
65.90000000000053 0.33140774167654663
66.00000000000053 0.3285488277017859
66.10000000000052 0.32571457636487944
66.20000000000051 0.3229047749117146
66.30000000000051 0.3201192124235182
66.4000000000005 0.31735767980102375
66.5000000000005 0.31461996974877543
66.60000000000049 0.31190587675956744
66.70000000000049 0.30921519709901735
66.80000000000048 0.3065477287902728
66.90000000000047 0.30390327159885017
67.00000000000047 0.30128162701760364
67.10000000000046 0.2986825982518244
67.20000000000046 0.29610599020446804
67.30000000000045 0.2935516094615096
67.40000000000045 0.2910192642774248
67.50000000000044 0.2885087645607967
67.60000000000043 0.2860199218600464
67.70000000000043 0.2835525493492867
67.80000000000042 0.2811064618142981
67.90000000000042 0.27868147563862566
68.00000000000041 0.2762774087897956
68.1000000000004 0.27389408080565114
68.2000000000004 0.2715313127808059
68.3000000000004 0.2691889273532143
68.40000000000039 0.266866748690858
68.50000000000038 0.26456460247854685
68.60000000000038 0.2622823159048338
68.70000000000037 0.26001971764904297
68.80000000000037 0.2577766378684091
68.90000000000036 0.25555290818532855
69.00000000000036 0.2533483616747197
69.10000000000035 0.2511628328514929
69.20000000000034 0.24899615765812805
69.30000000000034 0.2468481734523598
69.40000000000033 0.24471871899496847
69.50000000000033 0.2426076344376768
69.60000000000032 0.2405147613111508
69.70000000000032 0.23843994251310413
69.80000000000031 0.23638302229650526
69.9000000000003 0.23434384625788623
70.0000000000003 0.23232226132575226
70.10000000000029 0.23031811574909142
70.20000000000029 0.22833125908598337
70.30000000000028 0.22636154219230636
70.40000000000028 0.22440881721054176
70.50000000000027 0.22247293755867498
70.60000000000026 0.22055375791919227
70.70000000000026 0.21865113422817245
70.80000000000025 0.21676492366447261
70.90000000000025 0.21489498463900727
71.00000000000024 0.21304117678411993
71.10000000000024 0.21120336094304631
71.20000000000023 0.20938139915946846
71.30000000000022 0.20757515466715906
71.40000000000022 0.205784491879715
71.50000000000021 0.20400927638037958
71.60000000000021 0.20224937491195238
71.7000000000002 0.20050465536678636
71.8000000000002 0.19877498677687103
71.90000000000019 0.19706023930400143
72.00000000000018 0.19536028423003166
72.10000000000018 0.19367499394721266
72.20000000000017 0.1920042419486133
72.30000000000017 0.19034790281862404
72.40000000000016 0.1887058522235426
72.50000000000016 0.18707796690224082
72.60000000000015 0.18546412465691195
72.70000000000014 0.1838642043438979
72.80000000000014 0.18227808586459554
72.90000000000013 0.18070565015644138
73.00000000000013 0.17914677918397418
73.10000000000012 0.17760135592997453
73.20000000000012 0.17606926438668094
73.30000000000011 0.17455038954708166
73.4000000000001 0.1730446173962816
73.5000000000001 0.17155183490294382
73.6000000000001 0.17007193001080478
73.70000000000009 0.16860479163026276
73.80000000000008 0.16715030963003888
73.90000000000008 0.16570837482891013
74.00000000000007 0.16427887898751353
74.10000000000007 0.16286171480022119
74.20000000000006 0.16145677588708535
74.30000000000005 0.1600639567858529
74.40000000000005 0.15868315294404886
74.50000000000004 0.15731426071112808
74.60000000000004 0.1559571773306947
74.70000000000003 0.15461180093278867
74.80000000000003 0.15327803052623887
74.90000000000002 0.15195576599108218
75.00000000000001 0.15064490807104788
75.10000000000001 0.14934535836610704
75.2 0.148057019325086
75.3 0.14677979423834367
75.39999999999999 0.145513587230512
75.49999999999999 0.1442583032532991
75.59999999999998 0.14301384807835435
75.69999999999997 0.14178012829019512
75.79999999999997 0.14055705127919452
75.89999999999996 0.13934452523462962
75.99999999999996 0.13814245913778964
76.09999999999995 0.13695076275514356
76.19999999999995 0.13576934663156684
76.29999999999994 0.13459812208362626
76.39999999999993 0.13343700119292298
76.49999999999993 0.1322858967994929
76.59999999999992 0.13114472249526393
76.69999999999992 0.13001339261756975
76.79999999999991 0.12889182224271953
76.8999999999999 0.1277799271796231
76.9999999999999 0.1266776239634711
77.0999999999999 0.12558482984946961
77.19999999999989 0.12450146280662902
77.29999999999988 0.12342744151160621
77.39999999999988 0.12236268534260007
77.49999999999987 0.12130711437329954
77.59999999999987 0.12026064936688394
77.69999999999986 0.11922321177007503
77.79999999999986 0.11819472370724035
77.89999999999985 0.1171751079745475
77.99999999999984 0.11616428803416878
78.09999999999984 0.11516218800853585
78.19999999999983 0.11416873267464397
78.29999999999983 0.11318384745840535
78.39999999999982 0.11220745842905117
78.49999999999982 0.11123949229358203
78.59999999999981 0.11027987639126613
78.6999999999998 0.10932853868818497
78.7999999999998 0.1083854077718261
78.89999999999979 0.10745041284572253
78.99999999999979 0.10652348372413832
79.09999999999978 0.10560455082680012
79.19999999999978 0.10469354517367407
79.29999999999977 0.1037903983797878
79.39999999999976 0.10289504265009708
79.49999999999976 0.10200741077439675
79.59999999999975 0.10112743612227558
79.69999999999975 0.10025505263811463
79.79999999999974 0.09939019483612875
79.89999999999974 0.09853279779545089
79.99999999999973 0.09768279715525877
